service_id,date,exception_type
72905,20180528,1
72906,20180528,2
72907,20180528,2
72908,20180528,2
72909,20180528,2
73211,20180326,2
73212,20180326,2
73210,20180326,2
73213,20180326,2
73211,20180327,2
73212,20180327,2
73210,20180327,2
73213,20180327,2
73211,20180328,2
73212,20180328,2
73210,20180328,2
73213,20180328,2
73211,20180329,2
73212,20180329,2
73210,20180329,2
73213,20180329,2
73211,20180330,2
73212,20180330,2
73210,20180330,2
73213,20180330,2
73211,20180402,2
73212,20180402,2
73210,20180402,2
73213,20180402,2
73211,20180403,2
73212,20180403,2
73210,20180403,2
73213,20180403,2
73211,20180404,2
73212,20180404,2
73210,20180404,2
73213,20180404,2
73211,20180405,2
73212,20180405,2
73210,20180405,2
73213,20180405,2
73211,20180406,2
73212,20180406,2
73210,20180406,2
73213,20180406,2
73211,20180409,2
73210,20180409,2
73213,20180409,2
73211,20180410,2
73212,20180410,2
73210,20180410,2
73213,20180410,2
73211,20180411,2
73212,20180411,2
73210,20180411,2
73213,20180411,2
73211,20180412,2
73212,20180412,2
73210,20180412,2
73213,20180412,2
73211,20180413,2
73212,20180413,2
73210,20180413,2
73213,20180413,2
73211,20180416,2
73212,20180416,2
73210,20180416,2
73213,20180416,2
73211,20180417,2
73212,20180417,2
73210,20180417,2
73213,20180417,2
73211,20180418,2
73212,20180418,2
73210,20180418,2
73213,20180418,2
73211,20180419,2
73212,20180419,2
73210,20180419,2
73213,20180419,2
73211,20180420,2
73212,20180420,2
73210,20180420,2
73213,20180420,2
73211,20180423,2
73212,20180423,2
73210,20180423,2
73213,20180423,2
73211,20180424,2
73212,20180424,2
73210,20180424,2
73213,20180424,2
73211,20180425,2
73212,20180425,2
73210,20180425,2
73213,20180425,2
73211,20180426,2
73212,20180426,2
73210,20180426,2
73213,20180426,2
73211,20180427,2
73212,20180427,2
73210,20180427,2
73213,20180427,2
73211,20180430,2
73212,20180430,2
73210,20180430,2
73213,20180430,2
73211,20180501,2
73212,20180501,2
73210,20180501,2
73213,20180501,2
73211,20180502,2
73212,20180502,2
73210,20180502,2
73213,20180502,2
73211,20180503,2
73212,20180503,2
73210,20180503,2
73213,20180503,2
73211,20180504,2
73212,20180504,2
73210,20180504,2
73213,20180504,2
73211,20180507,2
73212,20180507,2
73210,20180507,2
73213,20180507,2
73211,20180508,2
73212,20180508,2
73210,20180508,2
73213,20180508,2
73211,20180509,2
73212,20180509,2
73210,20180509,2
73213,20180509,2
73211,20180510,2
73212,20180510,2
73210,20180510,2
73213,20180510,2
73211,20180511,2
73212,20180511,2
73210,20180511,2
73213,20180511,2
73211,20180514,2
73212,20180514,2
73210,20180514,2
73213,20180514,2
73211,20180515,2
73212,20180515,2
73210,20180515,2
73213,20180515,2
73211,20180516,2
73212,20180516,2
73210,20180516,2
73213,20180516,2
73211,20180517,2
73212,20180517,2
73210,20180517,2
73213,20180517,2
73211,20180518,2
73212,20180518,2
73210,20180518,2
73213,20180518,2
73211,20180521,2
73212,20180521,2
73210,20180521,2
73213,20180521,2
73211,20180522,2
73212,20180522,2
73210,20180522,2
73213,20180522,2
73211,20180523,2
73212,20180523,2
73210,20180523,2
73213,20180523,2
73211,20180524,2
73212,20180524,2
73210,20180524,2
73213,20180524,2
73211,20180525,2
73212,20180525,2
73210,20180525,2
73213,20180525,2
73212,20180529,2
73210,20180529,2
73213,20180529,2
73211,20180530,2
73212,20180530,2
73210,20180530,2
73213,20180530,2
73211,20180531,2
73212,20180531,2
73210,20180531,2
73213,20180531,2
73211,20180601,2
73212,20180601,2
73210,20180601,2
73213,20180601,2
73211,20180604,2
73212,20180604,2
73210,20180604,2
73213,20180604,2
73211,20180605,2
73212,20180605,2
73210,20180605,2
73211,20180606,2
73212,20180606,2
73210,20180606,2
73213,20180606,2
73211,20180607,2
73212,20180607,2
73210,20180607,2
73211,20180608,2
73212,20180608,2
73210,20180608,2
73213,20180608,2
73211,20180611,2
73212,20180611,2
73210,20180611,2
73213,20180611,2
73211,20180612,2
73212,20180612,2
73210,20180612,2
73213,20180612,2
73211,20180613,2
73212,20180613,2
73210,20180613,2
73213,20180613,2
73211,20180614,2
73212,20180614,2
73210,20180614,2
73213,20180614,2
73211,20180615,2
73212,20180615,2
73213,20180615,2
73757,20180326,2
73756,20180326,2
73755,20180326,2
73220,20180326,2
73219,20180326,2
73218,20180326,2
73221,20180326,2
73757,20180327,2
73756,20180327,2
73755,20180327,2
73220,20180327,2
73219,20180327,2
73218,20180327,2
73221,20180327,2
73757,20180328,2
73756,20180328,2
73755,20180328,2
73220,20180328,2
73219,20180328,2
73218,20180328,2
73221,20180328,2
73757,20180329,2
73755,20180329,2
73219,20180329,2
73218,20180329,2
73221,20180329,2
73757,20180330,2
73756,20180330,2
73755,20180330,2
73220,20180330,2
73219,20180330,2
73218,20180330,2
73221,20180330,2
73757,20180402,2
73756,20180402,2
73755,20180402,2
73220,20180402,2
73219,20180402,2
73218,20180402,2
73221,20180402,2
73757,20180403,2
73756,20180403,2
73755,20180403,2
73220,20180403,2
73219,20180403,2
73218,20180403,2
73221,20180403,2
73757,20180404,2
73756,20180404,2
73755,20180404,2
73220,20180404,2
73219,20180404,2
73218,20180404,2
73221,20180404,2
73757,20180405,2
73756,20180405,2
73755,20180405,2
73220,20180405,2
73219,20180405,2
73218,20180405,2
73221,20180405,2
73757,20180406,2
73756,20180406,2
73755,20180406,2
73220,20180406,2
73219,20180406,2
73218,20180406,2
73221,20180406,2
73757,20180410,2
73756,20180410,2
73755,20180410,2
73220,20180410,2
73219,20180410,2
73218,20180410,2
73221,20180410,2
73757,20180411,2
73756,20180411,2
73755,20180411,2
73220,20180411,2
73219,20180411,2
73218,20180411,2
73221,20180411,2
73757,20180412,2
73756,20180412,2
73755,20180412,2
73220,20180412,2
73219,20180412,2
73218,20180412,2
73221,20180412,2
73757,20180413,2
73756,20180413,2
73755,20180413,2
73220,20180413,2
73219,20180413,2
73218,20180413,2
73221,20180413,2
73757,20180416,2
73756,20180416,2
73755,20180416,2
73220,20180416,2
73219,20180416,2
73218,20180416,2
73221,20180416,2
73757,20180417,2
73756,20180417,2
73755,20180417,2
73220,20180417,2
73219,20180417,2
73218,20180417,2
73221,20180417,2
73757,20180418,2
73756,20180418,2
73755,20180418,2
73220,20180418,2
73219,20180418,2
73218,20180418,2
73221,20180418,2
73757,20180419,2
73756,20180419,2
73755,20180419,2
73220,20180419,2
73219,20180419,2
73218,20180419,2
73221,20180419,2
73757,20180420,2
73756,20180420,2
73755,20180420,2
73220,20180420,2
73219,20180420,2
73218,20180420,2
73221,20180420,2
73757,20180423,2
73756,20180423,2
73755,20180423,2
73220,20180423,2
73219,20180423,2
73218,20180423,2
73221,20180423,2
73757,20180424,2
73756,20180424,2
73755,20180424,2
73220,20180424,2
73219,20180424,2
73218,20180424,2
73221,20180424,2
73757,20180425,2
73756,20180425,2
73755,20180425,2
73220,20180425,2
73219,20180425,2
73218,20180425,2
73221,20180425,2
73757,20180426,2
73756,20180426,2
73755,20180426,2
73220,20180426,2
73219,20180426,2
73218,20180426,2
73221,20180426,2
73757,20180427,2
73756,20180427,2
73755,20180427,2
73220,20180427,2
73219,20180427,2
73218,20180427,2
73221,20180427,2
73757,20180430,2
73756,20180430,2
73755,20180430,2
73220,20180430,2
73219,20180430,2
73218,20180430,2
73221,20180430,2
73757,20180501,2
73756,20180501,2
73755,20180501,2
73220,20180501,2
73219,20180501,2
73218,20180501,2
73221,20180501,2
73757,20180502,2
73756,20180502,2
73755,20180502,2
73220,20180502,2
73219,20180502,2
73218,20180502,2
73221,20180502,2
73757,20180503,2
73756,20180503,2
73755,20180503,2
73220,20180503,2
73219,20180503,2
73218,20180503,2
73221,20180503,2
73757,20180504,2
73756,20180504,2
73755,20180504,2
73220,20180504,2
73219,20180504,2
73218,20180504,2
73221,20180504,2
73757,20180507,2
73756,20180507,2
73755,20180507,2
73220,20180507,2
73219,20180507,2
73218,20180507,2
73221,20180507,2
73757,20180508,2
73756,20180508,2
73755,20180508,2
73220,20180508,2
73219,20180508,2
73218,20180508,2
73221,20180508,2
73757,20180509,2
73756,20180509,2
73755,20180509,2
73220,20180509,2
73219,20180509,2
73218,20180509,2
73221,20180509,2
73757,20180510,2
73756,20180510,2
73755,20180510,2
73220,20180510,2
73219,20180510,2
73218,20180510,2
73221,20180510,2
73757,20180511,2
73756,20180511,2
73755,20180511,2
73220,20180511,2
73219,20180511,2
73218,20180511,2
73221,20180511,2
73757,20180514,2
73756,20180514,2
73755,20180514,2
73220,20180514,2
73219,20180514,2
73218,20180514,2
73221,20180514,2
73757,20180515,2
73756,20180515,2
73755,20180515,2
73220,20180515,2
73219,20180515,2
73218,20180515,2
73221,20180515,2
73757,20180516,2
73756,20180516,2
73755,20180516,2
73220,20180516,2
73219,20180516,2
73218,20180516,2
73221,20180516,2
73757,20180517,2
73756,20180517,2
73755,20180517,2
73220,20180517,2
73219,20180517,2
73218,20180517,2
73221,20180517,2
73757,20180518,2
73756,20180518,2
73755,20180518,2
73220,20180518,2
73219,20180518,2
73218,20180518,2
73221,20180518,2
73757,20180521,2
73756,20180521,2
73755,20180521,2
73220,20180521,2
73219,20180521,2
73218,20180521,2
73221,20180521,2
73757,20180522,2
73756,20180522,2
73755,20180522,2
73220,20180522,2
73219,20180522,2
73218,20180522,2
73221,20180522,2
73757,20180523,2
73756,20180523,2
73755,20180523,2
73220,20180523,2
73219,20180523,2
73218,20180523,2
73221,20180523,2
73757,20180524,2
73756,20180524,2
73755,20180524,2
73220,20180524,2
73219,20180524,2
73218,20180524,2
73221,20180524,2
73757,20180525,2
73756,20180525,2
73755,20180525,2
73220,20180525,2
73219,20180525,2
73218,20180525,2
73221,20180525,2
73757,20180529,2
73756,20180529,2
73755,20180529,2
73220,20180529,2
73219,20180529,2
73218,20180529,2
73221,20180529,2
73757,20180530,2
73756,20180530,2
73755,20180530,2
73220,20180530,2
73219,20180530,2
73218,20180530,2
73221,20180530,2
73757,20180531,2
73756,20180531,2
73755,20180531,2
73220,20180531,2
73219,20180531,2
73218,20180531,2
73221,20180531,2
73757,20180601,2
73756,20180601,2
73755,20180601,2
73220,20180601,2
73219,20180601,2
73218,20180601,2
73221,20180601,2
73757,20180604,2
73756,20180604,2
73755,20180604,2
73220,20180604,2
73219,20180604,2
73218,20180604,2
73221,20180604,2
73757,20180605,2
73756,20180605,2
73755,20180605,2
73220,20180605,2
73219,20180605,2
73218,20180605,2
73221,20180605,2
73757,20180606,2
73756,20180606,2
73755,20180606,2
73220,20180606,2
73219,20180606,2
73218,20180606,2
73221,20180606,2
73757,20180607,2
73756,20180607,2
73755,20180607,2
73220,20180607,2
73219,20180607,2
73218,20180607,2
73221,20180607,2
73757,20180608,2
73756,20180608,2
73755,20180608,2
73220,20180608,2
73219,20180608,2
73218,20180608,2
73221,20180608,2
73757,20180611,2
73756,20180611,2
73755,20180611,2
73220,20180611,2
73219,20180611,2
73218,20180611,2
73221,20180611,2
73757,20180612,2
73756,20180612,2
73755,20180612,2
73220,20180612,2
73219,20180612,2
73218,20180612,2
73221,20180612,2
73757,20180613,2
73756,20180613,2
73755,20180613,2
73220,20180613,2
73219,20180613,2
73218,20180613,2
73221,20180613,2
73757,20180614,2
73756,20180614,2
73755,20180614,2
73220,20180614,2
73219,20180614,2
73218,20180614,2
73221,20180614,2
73757,20180615,2
73756,20180615,2
73755,20180615,2
73220,20180615,2
73219,20180615,2
73218,20180615,2
73221,20180615,2
73758,20180528,1
73759,20180527,1
73760,20180330,2
73761,20180329,2
73762,20180330,2
73763,20180330,2
73764,20180330,2
73765,20180330,2
73766,20180330,2
73760,20180402,2
73761,20180401,2
73762,20180402,2
73763,20180402,2
73764,20180402,2
73765,20180402,2
73766,20180402,2
73760,20180403,2
73761,20180402,2
73762,20180403,2
73763,20180403,2
73764,20180403,2
73765,20180403,2
73766,20180403,2
73760,20180404,2
73761,20180403,2
73762,20180404,2
73763,20180404,2
73764,20180404,2
73765,20180404,2
73766,20180404,2
73760,20180405,2
73761,20180404,2
73762,20180405,2
73763,20180405,2
73764,20180405,2
73765,20180405,2
73766,20180405,2
73760,20180406,2
73761,20180405,2
73762,20180406,2
73763,20180406,2
73764,20180406,2
73765,20180406,2
73766,20180406,2
73760,20180525,2
73761,20180524,2
73762,20180525,2
73763,20180525,2
73764,20180525,2
73765,20180525,2
73766,20180525,2
73760,20180528,2
73761,20180527,2
73762,20180528,2
73763,20180528,2
73764,20180528,2
73765,20180528,2
73766,20180528,2
73767,20180409,2
73768,20180408,2
73769,20180409,2
73770,20180409,2
73771,20180409,2
73772,20180409,2
73773,20180409,2
73767,20180410,2
73768,20180409,2
73769,20180410,2
73770,20180410,2
73771,20180410,2
73772,20180410,2
73773,20180410,2
73767,20180411,2
73768,20180410,2
73769,20180411,2
73770,20180411,2
73771,20180411,2
73772,20180411,2
73773,20180411,2
73767,20180412,2
73768,20180411,2
73769,20180412,2
73770,20180412,2
73771,20180412,2
73772,20180412,2
73773,20180412,2
73767,20180413,2
73768,20180412,2
73769,20180413,2
73770,20180413,2
73771,20180413,2
73772,20180413,2
73773,20180413,2
73767,20180416,2
73768,20180415,2
73769,20180416,2
73770,20180416,2
73771,20180416,2
73772,20180416,2
73773,20180416,2
73767,20180417,2
73768,20180416,2
73769,20180417,2
73770,20180417,2
73771,20180417,2
73772,20180417,2
73773,20180417,2
73767,20180418,2
73768,20180417,2
73769,20180418,2
73770,20180418,2
73771,20180418,2
73772,20180418,2
73773,20180418,2
73767,20180419,2
73768,20180418,2
73769,20180419,2
73770,20180419,2
73771,20180419,2
73772,20180419,2
73773,20180419,2
73767,20180420,2
73768,20180419,2
73769,20180420,2
73770,20180420,2
73771,20180420,2
73772,20180420,2
73773,20180420,2
73767,20180423,2
73768,20180422,2
73769,20180423,2
73770,20180423,2
73771,20180423,2
73772,20180423,2
73773,20180423,2
73767,20180424,2
73768,20180423,2
73769,20180424,2
73770,20180424,2
73771,20180424,2
73772,20180424,2
73773,20180424,2
73767,20180425,2
73768,20180424,2
73769,20180425,2
73770,20180425,2
73771,20180425,2
73772,20180425,2
73773,20180425,2
73767,20180426,2
73768,20180425,2
73769,20180426,2
73770,20180426,2
73771,20180426,2
73772,20180426,2
73773,20180426,2
73767,20180427,2
73768,20180426,2
73769,20180427,2
73770,20180427,2
73771,20180427,2
73772,20180427,2
73773,20180427,2
73767,20180430,2
73768,20180429,2
73769,20180430,2
73770,20180430,2
73771,20180430,2
73772,20180430,2
73773,20180430,2
73767,20180501,2
73768,20180430,2
73769,20180501,2
73770,20180501,2
73771,20180501,2
73772,20180501,2
73773,20180501,2
73767,20180502,2
73768,20180501,2
73769,20180502,2
73770,20180502,2
73771,20180502,2
73772,20180502,2
73773,20180502,2
73767,20180503,2
73768,20180502,2
73769,20180503,2
73770,20180503,2
73771,20180503,2
73772,20180503,2
73773,20180503,2
73767,20180504,2
73768,20180503,2
73769,20180504,2
73770,20180504,2
73771,20180504,2
73772,20180504,2
73773,20180504,2
73767,20180507,2
73768,20180506,2
73769,20180507,2
73770,20180507,2
73771,20180507,2
73772,20180507,2
73773,20180507,2
73767,20180508,2
73768,20180507,2
73769,20180508,2
73770,20180508,2
73771,20180508,2
73772,20180508,2
73773,20180508,2
73767,20180509,2
73768,20180508,2
73769,20180509,2
73770,20180509,2
73771,20180509,2
73772,20180509,2
73773,20180509,2
73767,20180510,2
73768,20180509,2
73769,20180510,2
73770,20180510,2
73771,20180510,2
73772,20180510,2
73773,20180510,2
73767,20180511,2
73768,20180510,2
73769,20180511,2
73770,20180511,2
73771,20180511,2
73772,20180511,2
73773,20180511,2
73767,20180514,2
73768,20180513,2
73769,20180514,2
73770,20180514,2
73771,20180514,2
73772,20180514,2
73773,20180514,2
73767,20180515,2
73768,20180514,2
73769,20180515,2
73770,20180515,2
73771,20180515,2
73772,20180515,2
73773,20180515,2
73767,20180516,2
73768,20180515,2
73769,20180516,2
73770,20180516,2
73771,20180516,2
73772,20180516,2
73773,20180516,2
73767,20180517,2
73768,20180516,2
73769,20180517,2
73770,20180517,2
73771,20180517,2
73772,20180517,2
73773,20180517,2
73767,20180518,2
73768,20180517,2
73769,20180518,2
73770,20180518,2
73771,20180518,2
73772,20180518,2
73773,20180518,2
73767,20180521,2
73768,20180520,2
73769,20180521,2
73770,20180521,2
73771,20180521,2
73772,20180521,2
73773,20180521,2
73767,20180522,2
73768,20180521,2
73769,20180522,2
73770,20180522,2
73771,20180522,2
73772,20180522,2
73773,20180522,2
73767,20180523,2
73768,20180522,2
73769,20180523,2
73770,20180523,2
73771,20180523,2
73772,20180523,2
73773,20180523,2
73767,20180524,2
73768,20180523,2
73769,20180524,2
73770,20180524,2
73771,20180524,2
73772,20180524,2
73773,20180524,2
73767,20180528,2
73768,20180527,2
73769,20180528,2
73770,20180528,2
73771,20180528,2
73772,20180528,2
73773,20180528,2
73767,20180529,2
73768,20180528,2
73769,20180529,2
73770,20180529,2
73771,20180529,2
73772,20180529,2
73773,20180529,2
73767,20180530,2
73768,20180529,2
73769,20180530,2
73770,20180530,2
73771,20180530,2
73772,20180530,2
73773,20180530,2
73767,20180531,2
73768,20180530,2
73769,20180531,2
73770,20180531,2
73771,20180531,2
73772,20180531,2
73773,20180531,2
73767,20180601,2
73768,20180531,2
73769,20180601,2
73770,20180601,2
73771,20180601,2
73772,20180601,2
73773,20180601,2
73767,20180604,2
73768,20180603,2
73769,20180604,2
73770,20180604,2
73771,20180604,2
73772,20180604,2
73773,20180604,2
73767,20180605,2
73768,20180604,2
73769,20180605,2
73770,20180605,2
73771,20180605,2
73772,20180605,2
73773,20180605,2
73767,20180606,2
73768,20180605,2
73769,20180606,2
73770,20180606,2
73771,20180606,2
73772,20180606,2
73773,20180606,2
73767,20180607,2
73768,20180606,2
73769,20180607,2
73770,20180607,2
73771,20180607,2
73772,20180607,2
73773,20180607,2
73779,20180326,2
73783,20180326,2
73781,20180326,2
73777,20180326,2
73780,20180326,2
73778,20180326,2
73782,20180326,2
73779,20180327,2
73783,20180327,2
73781,20180327,2
73777,20180327,2
73780,20180327,2
73778,20180327,2
73782,20180327,2
73779,20180328,2
73783,20180328,2
73781,20180328,2
73777,20180328,2
73780,20180328,2
73778,20180328,2
73782,20180328,2
73779,20180329,2
73783,20180329,2
73781,20180329,2
73780,20180329,2
73778,20180329,2
73779,20180330,2
73783,20180330,2
73781,20180330,2
73777,20180330,2
73780,20180330,2
73778,20180330,2
73782,20180330,2
73779,20180402,2
73783,20180402,2
73781,20180402,2
73777,20180402,2
73780,20180402,2
73778,20180402,2
73782,20180402,2
73779,20180403,2
73783,20180403,2
73781,20180403,2
73777,20180403,2
73780,20180403,2
73778,20180403,2
73782,20180403,2
73779,20180404,2
73783,20180404,2
73781,20180404,2
73777,20180404,2
73780,20180404,2
73778,20180404,2
73782,20180404,2
73779,20180405,2
73783,20180405,2
73781,20180405,2
73777,20180405,2
73780,20180405,2
73778,20180405,2
73782,20180405,2
73779,20180406,2
73783,20180406,2
73781,20180406,2
73777,20180406,2
73780,20180406,2
73778,20180406,2
73782,20180406,2
73779,20180409,2
73783,20180409,2
73781,20180409,2
73777,20180409,2
73780,20180409,2
73778,20180409,2
73782,20180409,2
73779,20180410,2
73783,20180410,2
73781,20180410,2
73777,20180410,2
73780,20180410,2
73778,20180410,2
73782,20180410,2
73779,20180411,2
73783,20180411,2
73781,20180411,2
73777,20180411,2
73780,20180411,2
73778,20180411,2
73782,20180411,2
73779,20180412,2
73783,20180412,2
73781,20180412,2
73777,20180412,2
73780,20180412,2
73778,20180412,2
73782,20180412,2
73779,20180413,2
73783,20180413,2
73781,20180413,2
73777,20180413,2
73780,20180413,2
73778,20180413,2
73782,20180413,2
73779,20180416,2
73783,20180416,2
73781,20180416,2
73777,20180416,2
73780,20180416,2
73778,20180416,2
73782,20180416,2
73779,20180417,2
73783,20180417,2
73781,20180417,2
73777,20180417,2
73780,20180417,2
73778,20180417,2
73782,20180417,2
73779,20180418,2
73783,20180418,2
73781,20180418,2
73777,20180418,2
73780,20180418,2
73778,20180418,2
73782,20180418,2
73779,20180419,2
73783,20180419,2
73781,20180419,2
73777,20180419,2
73780,20180419,2
73778,20180419,2
73782,20180419,2
73779,20180420,2
73783,20180420,2
73781,20180420,2
73777,20180420,2
73780,20180420,2
73778,20180420,2
73782,20180420,2
73779,20180423,2
73783,20180423,2
73781,20180423,2
73777,20180423,2
73780,20180423,2
73778,20180423,2
73782,20180423,2
73779,20180424,2
73783,20180424,2
73781,20180424,2
73777,20180424,2
73780,20180424,2
73778,20180424,2
73779,20180425,2
73783,20180425,2
73781,20180425,2
73777,20180425,2
73780,20180425,2
73778,20180425,2
73782,20180425,2
73779,20180426,2
73783,20180426,2
73781,20180426,2
73777,20180426,2
73780,20180426,2
73778,20180426,2
73782,20180426,2
73779,20180427,2
73783,20180427,2
73781,20180427,2
73777,20180427,2
73780,20180427,2
73778,20180427,2
73782,20180427,2
73779,20180430,2
73783,20180430,2
73781,20180430,2
73777,20180430,2
73780,20180430,2
73778,20180430,2
73782,20180430,2
73779,20180501,2
73783,20180501,2
73781,20180501,2
73777,20180501,2
73780,20180501,2
73778,20180501,2
73782,20180501,2
73779,20180502,2
73783,20180502,2
73781,20180502,2
73777,20180502,2
73780,20180502,2
73778,20180502,2
73782,20180502,2
73779,20180503,2
73783,20180503,2
73781,20180503,2
73777,20180503,2
73780,20180503,2
73778,20180503,2
73782,20180503,2
73779,20180504,2
73783,20180504,2
73781,20180504,2
73777,20180504,2
73780,20180504,2
73778,20180504,2
73782,20180504,2
73779,20180507,2
73783,20180507,2
73781,20180507,2
73777,20180507,2
73780,20180507,2
73778,20180507,2
73782,20180507,2
73779,20180508,2
73783,20180508,2
73781,20180508,2
73777,20180508,2
73780,20180508,2
73778,20180508,2
73782,20180508,2
73779,20180509,2
73783,20180509,2
73781,20180509,2
73777,20180509,2
73780,20180509,2
73778,20180509,2
73782,20180509,2
73779,20180510,2
73783,20180510,2
73781,20180510,2
73777,20180510,2
73780,20180510,2
73778,20180510,2
73782,20180510,2
73779,20180511,2
73783,20180511,2
73781,20180511,2
73777,20180511,2
73780,20180511,2
73778,20180511,2
73782,20180511,2
73779,20180514,2
73783,20180514,2
73781,20180514,2
73777,20180514,2
73780,20180514,2
73778,20180514,2
73782,20180514,2
73779,20180515,2
73783,20180515,2
73781,20180515,2
73777,20180515,2
73780,20180515,2
73778,20180515,2
73782,20180515,2
73779,20180516,2
73783,20180516,2
73781,20180516,2
73777,20180516,2
73780,20180516,2
73778,20180516,2
73782,20180516,2
73779,20180517,2
73783,20180517,2
73781,20180517,2
73777,20180517,2
73780,20180517,2
73778,20180517,2
73782,20180517,2
73779,20180518,2
73783,20180518,2
73781,20180518,2
73777,20180518,2
73780,20180518,2
73778,20180518,2
73782,20180518,2
73779,20180521,2
73783,20180521,2
73781,20180521,2
73777,20180521,2
73780,20180521,2
73778,20180521,2
73782,20180521,2
73779,20180522,2
73783,20180522,2
73777,20180522,2
73780,20180522,2
73778,20180522,2
73782,20180522,2
73779,20180523,2
73783,20180523,2
73781,20180523,2
73777,20180523,2
73780,20180523,2
73778,20180523,2
73782,20180523,2
73779,20180524,2
73783,20180524,2
73777,20180524,2
73780,20180524,2
73778,20180524,2
73782,20180524,2
73779,20180525,2
73783,20180525,2
73781,20180525,2
73777,20180525,2
73780,20180525,2
73778,20180525,2
73782,20180525,2
73779,20180529,2
73781,20180529,2
73777,20180529,2
73780,20180529,2
73778,20180529,2
73782,20180529,2
73779,20180530,2
73783,20180530,2
73781,20180530,2
73777,20180530,2
73780,20180530,2
73778,20180530,2
73782,20180530,2
73779,20180531,2
73783,20180531,2
73781,20180531,2
73777,20180531,2
73780,20180531,2
73778,20180531,2
73782,20180531,2
73779,20180601,2
73783,20180601,2
73781,20180601,2
73777,20180601,2
73780,20180601,2
73778,20180601,2
73782,20180601,2
73783,20180604,2
73777,20180604,2
73780,20180604,2
73778,20180604,2
73782,20180604,2
73783,20180605,2
73777,20180605,2
73782,20180605,2
73779,20180606,2
73783,20180606,2
73781,20180606,2
73777,20180606,2
73780,20180606,2
73778,20180606,2
73782,20180606,2
73779,20180607,2
73783,20180607,2
73781,20180607,2
73782,20180607,2
73779,20180608,2
73783,20180608,2
73781,20180608,2
73777,20180608,2
73780,20180608,2
73778,20180608,2
73782,20180608,2
73779,20180611,2
73783,20180611,2
73781,20180611,2
73777,20180611,2
73780,20180611,2
73778,20180611,2
73782,20180611,2
73779,20180612,2
73783,20180612,2
73781,20180612,2
73777,20180612,2
73780,20180612,2
73778,20180612,2
73782,20180612,2
73779,20180613,2
73783,20180613,2
73781,20180613,2
73777,20180613,2
73780,20180613,2
73778,20180613,2
73782,20180613,2
73779,20180614,2
73783,20180614,2
73781,20180614,2
73777,20180614,2
73780,20180614,2
73778,20180614,2
73782,20180614,2
73779,20180615,2
73783,20180615,2
73781,20180615,2
73777,20180615,2
73780,20180615,2
73778,20180615,2
73782,20180615,2
73784,20180528,1
73785,20180527,1
73786,20180528,2
73787,20180527,2
73788,20180528,2
73789,20180528,2
73790,20180528,2
73791,20180528,2
73792,20180528,2
73793,20180528,2
73794,20180528,2
73795,20180528,2
73796,20180528,2
73797,20180528,2
74057,20180326,2
74059,20180326,2
74063,20180326,2
74060,20180326,2
74061,20180326,2
74062,20180326,2
74058,20180326,2
74056,20180326,2
74057,20180327,2
74059,20180327,2
74063,20180327,2
74060,20180327,2
74061,20180327,2
74062,20180327,2
74058,20180327,2
74056,20180327,2
74057,20180328,2
74059,20180328,2
74063,20180328,2
74060,20180328,2
74061,20180328,2
74062,20180328,2
74058,20180328,2
74056,20180328,2
74059,20180329,2
74063,20180329,2
74060,20180329,2
74062,20180329,2
74058,20180329,2
74057,20180330,2
74059,20180330,2
74063,20180330,2
74060,20180330,2
74061,20180330,2
74062,20180330,2
74058,20180330,2
74056,20180330,2
74057,20180402,2
74059,20180402,2
74063,20180402,2
74060,20180402,2
74061,20180402,2
74062,20180402,2
74058,20180402,2
74056,20180402,2
74057,20180403,2
74059,20180403,2
74063,20180403,2
74060,20180403,2
74061,20180403,2
74062,20180403,2
74058,20180403,2
74056,20180403,2
74057,20180404,2
74059,20180404,2
74063,20180404,2
74060,20180404,2
74061,20180404,2
74062,20180404,2
74058,20180404,2
74056,20180404,2
74057,20180405,2
74059,20180405,2
74063,20180405,2
74060,20180405,2
74061,20180405,2
74062,20180405,2
74058,20180405,2
74056,20180405,2
74057,20180406,2
74059,20180406,2
74063,20180406,2
74060,20180406,2
74061,20180406,2
74062,20180406,2
74058,20180406,2
74056,20180406,2
74057,20180409,2
74059,20180409,2
74063,20180409,2
74060,20180409,2
74061,20180409,2
74062,20180409,2
74058,20180409,2
74056,20180409,2
74057,20180410,2
74059,20180410,2
74063,20180410,2
74060,20180410,2
74061,20180410,2
74062,20180410,2
74058,20180410,2
74056,20180410,2
74057,20180411,2
74059,20180411,2
74063,20180411,2
74060,20180411,2
74061,20180411,2
74062,20180411,2
74058,20180411,2
74056,20180411,2
74057,20180412,2
74059,20180412,2
74063,20180412,2
74060,20180412,2
74061,20180412,2
74062,20180412,2
74058,20180412,2
74056,20180412,2
74057,20180413,2
74059,20180413,2
74063,20180413,2
74060,20180413,2
74061,20180413,2
74062,20180413,2
74058,20180413,2
74056,20180413,2
74057,20180416,2
74059,20180416,2
74063,20180416,2
74060,20180416,2
74061,20180416,2
74062,20180416,2
74058,20180416,2
74056,20180416,2
74057,20180417,2
74059,20180417,2
74063,20180417,2
74060,20180417,2
74061,20180417,2
74062,20180417,2
74058,20180417,2
74056,20180417,2
74057,20180418,2
74059,20180418,2
74063,20180418,2
74060,20180418,2
74061,20180418,2
74062,20180418,2
74058,20180418,2
74056,20180418,2
74057,20180419,2
74059,20180419,2
74063,20180419,2
74060,20180419,2
74061,20180419,2
74062,20180419,2
74058,20180419,2
74056,20180419,2
74057,20180420,2
74059,20180420,2
74063,20180420,2
74060,20180420,2
74061,20180420,2
74062,20180420,2
74058,20180420,2
74056,20180420,2
74057,20180423,2
74059,20180423,2
74063,20180423,2
74060,20180423,2
74061,20180423,2
74062,20180423,2
74058,20180423,2
74056,20180423,2
74057,20180424,2
74059,20180424,2
74063,20180424,2
74060,20180424,2
74061,20180424,2
74062,20180424,2
74058,20180424,2
74056,20180424,2
74057,20180425,2
74059,20180425,2
74063,20180425,2
74060,20180425,2
74061,20180425,2
74062,20180425,2
74058,20180425,2
74056,20180425,2
74057,20180426,2
74059,20180426,2
74063,20180426,2
74060,20180426,2
74061,20180426,2
74062,20180426,2
74058,20180426,2
74056,20180426,2
74057,20180427,2
74059,20180427,2
74063,20180427,2
74060,20180427,2
74061,20180427,2
74062,20180427,2
74058,20180427,2
74056,20180427,2
74057,20180430,2
74059,20180430,2
74063,20180430,2
74060,20180430,2
74061,20180430,2
74062,20180430,2
74058,20180430,2
74056,20180430,2
74057,20180501,2
74059,20180501,2
74063,20180501,2
74060,20180501,2
74061,20180501,2
74062,20180501,2
74058,20180501,2
74056,20180501,2
74057,20180502,2
74059,20180502,2
74063,20180502,2
74060,20180502,2
74061,20180502,2
74062,20180502,2
74058,20180502,2
74056,20180502,2
74057,20180503,2
74059,20180503,2
74063,20180503,2
74060,20180503,2
74061,20180503,2
74062,20180503,2
74058,20180503,2
74056,20180503,2
74057,20180504,2
74059,20180504,2
74063,20180504,2
74060,20180504,2
74061,20180504,2
74062,20180504,2
74058,20180504,2
74056,20180504,2
74057,20180507,2
74059,20180507,2
74063,20180507,2
74060,20180507,2
74061,20180507,2
74062,20180507,2
74058,20180507,2
74056,20180507,2
74057,20180508,2
74059,20180508,2
74063,20180508,2
74060,20180508,2
74061,20180508,2
74062,20180508,2
74058,20180508,2
74056,20180508,2
74057,20180509,2
74059,20180509,2
74063,20180509,2
74060,20180509,2
74061,20180509,2
74062,20180509,2
74058,20180509,2
74056,20180509,2
74057,20180510,2
74059,20180510,2
74063,20180510,2
74060,20180510,2
74061,20180510,2
74062,20180510,2
74058,20180510,2
74056,20180510,2
74057,20180511,2
74059,20180511,2
74063,20180511,2
74060,20180511,2
74061,20180511,2
74062,20180511,2
74058,20180511,2
74056,20180511,2
74057,20180514,2
74059,20180514,2
74063,20180514,2
74060,20180514,2
74061,20180514,2
74062,20180514,2
74058,20180514,2
74056,20180514,2
74057,20180515,2
74059,20180515,2
74063,20180515,2
74060,20180515,2
74061,20180515,2
74062,20180515,2
74058,20180515,2
74056,20180515,2
74057,20180516,2
74059,20180516,2
74063,20180516,2
74060,20180516,2
74061,20180516,2
74062,20180516,2
74058,20180516,2
74056,20180516,2
74057,20180517,2
74059,20180517,2
74063,20180517,2
74060,20180517,2
74061,20180517,2
74058,20180517,2
74056,20180517,2
74057,20180518,2
74059,20180518,2
74063,20180518,2
74060,20180518,2
74061,20180518,2
74058,20180518,2
74056,20180518,2
74057,20180521,2
74059,20180521,2
74063,20180521,2
74060,20180521,2
74061,20180521,2
74062,20180521,2
74058,20180521,2
74056,20180521,2
74057,20180522,2
74059,20180522,2
74063,20180522,2
74060,20180522,2
74061,20180522,2
74062,20180522,2
74058,20180522,2
74056,20180522,2
74057,20180523,2
74059,20180523,2
74063,20180523,2
74060,20180523,2
74061,20180523,2
74062,20180523,2
74058,20180523,2
74056,20180523,2
74057,20180524,2
74059,20180524,2
74063,20180524,2
74060,20180524,2
74061,20180524,2
74062,20180524,2
74058,20180524,2
74056,20180524,2
74057,20180525,2
74059,20180525,2
74063,20180525,2
74060,20180525,2
74061,20180525,2
74062,20180525,2
74058,20180525,2
74057,20180529,2
74059,20180529,2
74063,20180529,2
74060,20180529,2
74061,20180529,2
74062,20180529,2
74058,20180529,2
74056,20180529,2
74057,20180530,2
74059,20180530,2
74063,20180530,2
74060,20180530,2
74061,20180530,2
74062,20180530,2
74058,20180530,2
74056,20180530,2
74057,20180531,2
74059,20180531,2
74063,20180531,2
74060,20180531,2
74061,20180531,2
74062,20180531,2
74058,20180531,2
74056,20180531,2
74057,20180601,2
74059,20180601,2
74063,20180601,2
74060,20180601,2
74061,20180601,2
74062,20180601,2
74058,20180601,2
74056,20180601,2
74057,20180604,2
74059,20180604,2
74063,20180604,2
74060,20180604,2
74061,20180604,2
74062,20180604,2
74058,20180604,2
74056,20180604,2
74057,20180605,2
74059,20180605,2
74063,20180605,2
74060,20180605,2
74061,20180605,2
74062,20180605,2
74058,20180605,2
74056,20180605,2
74057,20180606,2
74059,20180606,2
74063,20180606,2
74060,20180606,2
74061,20180606,2
74062,20180606,2
74058,20180606,2
74056,20180606,2
74057,20180607,2
74059,20180607,2
74063,20180607,2
74060,20180607,2
74061,20180607,2
74062,20180607,2
74058,20180607,2
74056,20180607,2
74057,20180608,2
74063,20180608,2
74060,20180608,2
74061,20180608,2
74062,20180608,2
74058,20180608,2
74056,20180608,2
74057,20180611,2
74063,20180611,2
74061,20180611,2
74062,20180611,2
74056,20180611,2
74057,20180612,2
74058,20180612,2
74056,20180612,2
74057,20180613,2
74059,20180613,2
74063,20180613,2
74060,20180613,2
74061,20180613,2
74058,20180613,2
74056,20180613,2
74057,20180614,2
74059,20180614,2
74060,20180614,2
74061,20180614,2
74062,20180614,2
74058,20180614,2
74056,20180614,2
74057,20180615,2
74059,20180615,2
74063,20180615,2
74060,20180615,2
74061,20180615,2
74062,20180615,2
74058,20180615,2
74056,20180615,2